  ep       시간         누적     box     cls     dfl       P       R   mAP50  mAP50-95  GPU_GB        lr  비고
--------------------------------------------------------------------------------------------------------
   1   533.8s    0:08:53  0.7752  1.7623  1.1057  0.7625  0.6842  0.7626    0.6527    3.06  0.009997  <- 최고
   2   493.4s    0:17:07  0.8439  1.1627  1.1327  0.8097  0.7141  0.7857    0.6668    3.07  0.019799  <- 최고
   3   484.4s    0:25:11  0.9058  1.2145  1.1711  0.7880  0.7060  0.7809    0.6595    3.07  0.029403  
   4   478.9s    0:33:10  0.8944  1.1701  1.1688  0.8287  0.7406  0.8206    0.7122    3.07  0.029109  <- 최고
   5   478.7s    0:41:09  0.8312  1.0483  1.1317  0.8398  0.7607  0.8384    0.7344    3.07  0.028812  <- 최고
   6   481.7s    0:49:10  0.7953  0.9760  1.1131  0.8553  0.7649  0.8484    0.7497    3.07  0.028515  <- 최고
   7   480.1s    0:57:10  0.7713  0.9244  1.0968  0.8623  0.7813  0.8569    0.7621    3.07  0.028218  <- 최고
   8   478.6s    1:05:09  0.7579  0.8903  1.0914  0.8804  0.7785  0.8673    0.7757    3.07  0.027921  <- 최고
   9   478.5s    1:13:07  0.7418  0.8636  1.0834  0.8702  0.8012  0.8702    0.7804    3.07  0.027624  <- 최고
  10   478.5s    1:21:06  0.7320  0.8463  1.0764  0.8744  0.7973  0.8747    0.7858    3.07  0.027327  <- 최고
  11   476.8s    1:29:03  0.7239  0.8276  1.0722  0.8805  0.7969  0.8784    0.7912    3.07  0.027030  <- 최고
  12   480.1s    1:37:03  0.7189  0.8143  1.0681  0.8855  0.8064  0.8823    0.7955    3.07  0.026733  <- 최고
  13   480.8s    1:45:04  0.7130  0.7999  1.0652  0.8792  0.8109  0.8825    0.7965    3.07  0.026436  <- 최고
  14   479.4s    1:53:03  0.7055  0.7877  1.0616  0.8838  0.8059  0.8825    0.7979    3.07  0.026139  <- 최고
  15   483.6s    2:01:07  0.7009  0.7776  1.0587  0.8719  0.8149  0.8836    0.8000    3.07  0.025842  <- 최고
  16   479.7s    2:09:06  0.6968  0.7684  1.0564  0.8726  0.8164  0.8837    0.8006    3.07  0.025545  <- 최고
  17   478.2s    2:17:04  0.6901  0.7540  1.0518  0.8754  0.8134  0.8844    0.8023    3.07  0.025248  <- 최고
  18   479.0s    2:25:03  0.6904  0.7502  1.0524  0.8789  0.8144  0.8851    0.8030    3.07  0.024951  <- 최고
  19   478.3s    2:33:02  0.6865  0.7443  1.0504  0.8726  0.8210  0.8863    0.8042    3.07  0.024654  <- 최고
  20   476.2s    2:40:58  0.6785  0.7361  1.0447  0.8760  0.8217  0.8871    0.8053    3.07  0.024357  <- 최고
  21   478.4s    2:48:56  0.6770  0.7287  1.0449  0.8780  0.8215  0.8877    0.8060    3.07  0.024060  <- 최고
  22   478.7s    2:56:55  0.6761  0.7279  1.0459  0.8798  0.8198  0.8874    0.8065    3.07  0.023763  <- 최고
  23   476.7s    3:04:52  0.6739  0.7164  1.0443  0.8792  0.8212  0.8886    0.8070    3.07  0.023466  <- 최고
  24   477.4s    3:12:49  0.6727  0.7169  1.0433  0.8813  0.8202  0.8882    0.8072    3.07  0.023169  <- 최고
  25   476.9s    3:20:46  0.6702  0.7072  1.0417  0.8792  0.8226  0.8885    0.8075    3.07  0.022872  <- 최고
  26   474.6s    3:28:41  0.6679  0.7044  1.0400  0.8795  0.8234  0.8887    0.8079    3.07  0.022575  <- 최고
  27   477.4s    3:36:38  0.6636  0.6946  1.0363  0.8801  0.8238  0.8890    0.8085    3.07  0.022278  <- 최고
  28   476.5s    3:44:35  0.6622  0.6963  1.0379  0.8804  0.8236  0.8895    0.8090    3.07  0.021981  <- 최고
  29   475.6s    3:52:30  0.6601  0.6924  1.0356  0.8821  0.8233  0.8899    0.8096    3.07  0.021684  <- 최고
  30   478.7s    4:00:29  0.6595  0.6877  1.0352  0.8804  0.8246  0.8904    0.8099    3.07  0.021387  <- 최고
  31   478.0s    4:08:27  0.6554  0.6822  1.0347  0.8811  0.8241  0.8909    0.8104    3.07  0.021090  <- 최고
  32   476.0s    4:16:23  0.6530  0.6785  1.0313  0.8838  0.8228  0.8915    0.8113    3.07  0.020793  <- 최고
  33   478.9s    4:24:22  0.6569  0.6792  1.0336  0.8859  0.8221  0.8920    0.8122    3.07  0.020496  <- 최고
  34   473.2s    4:32:15  0.6514  0.6693  1.0302  0.8871  0.8231  0.8925    0.8130    3.07  0.020199  <- 최고
  35   476.4s    4:40:12  0.6504  0.6654  1.0286  0.8887  0.8231  0.8937    0.8137    3.07  0.019902  <- 최고
  36   477.6s    4:48:09  0.6507  0.6680  1.0283  0.8855  0.8258  0.8942    0.8147    3.07  0.019605  <- 최고
  37   484.4s    4:56:13  0.6457  0.6616  1.0261  0.8834  0.8274  0.8945    0.8152    3.07  0.019308  <- 최고
  38   477.7s    5:04:11  0.6465  0.6598  1.0265  0.8863  0.8269  0.8945    0.8155    3.07  0.019011  <- 최고
  39   479.5s    5:12:11  0.6443  0.6595  1.0271  0.8914  0.8228  0.8943    0.8158    3.07  0.018714  <- 최고
  40   475.8s    5:20:07  0.6431  0.6494  1.0274  0.8938  0.8212  0.8948    0.8161    3.07  0.018417  <- 최고
  41   478.6s    5:28:05  0.6382  0.6465  1.0229  0.8958  0.8206  0.8951    0.8165    3.07  0.018120  <- 최고
  42   475.9s    5:36:01  0.6352  0.6428  1.0209  0.8981  0.8201  0.8953    0.8169    3.07  0.017823  <- 최고
  43   481.5s    5:44:03  0.6411  0.6462  1.0241  0.8974  0.8217  0.8960    0.8175    3.07  0.017526  <- 최고
  44   476.3s    5:51:59  0.6368  0.6358  1.0206  0.8977  0.8214  0.8961    0.8178    3.07  0.017229  <- 최고
  45   478.3s    5:59:57  0.6334  0.6360  1.0211  0.8994  0.8211  0.8963    0.8183    3.07  0.016932  <- 최고
  46   477.4s    6:07:55  0.6337  0.6382  1.0233  0.9003  0.8216  0.8965    0.8190    3.07  0.016635  <- 최고
  47   477.7s    6:15:52  0.6340  0.6300  1.0208  0.8999  0.8220  0.8966    0.8191    3.07  0.016338  <- 최고
  48   476.7s    6:23:49  0.6308  0.6269  1.0196  0.8972  0.8248  0.8971    0.8196    3.07  0.016041  <- 최고
  49   478.4s    6:31:47  0.6293  0.6279  1.0191  0.8974  0.8259  0.8976    0.8203    3.07  0.015744  <- 최고
  50   476.0s    6:39:43  0.6267  0.6187  1.0163  0.8983  0.8266  0.8981    0.8208    3.07  0.015447  <- 최고
  51   478.3s    6:47:42  0.6282  0.6200  1.0188  0.8983  0.8273  0.8982    0.8210    3.07  0.015150  <- 최고
  52   479.4s    6:55:41  0.6222  0.6139  1.0143  0.8966  0.8302  0.8987    0.8215    3.07  0.014853  <- 최고
  53   474.2s    7:03:35  0.6223  0.6085  1.0160  0.8973  0.8307  0.8990    0.8218    3.07  0.014556  <- 최고
  54   477.6s    7:11:33  0.6195  0.6070  1.0127  0.8978  0.8313  0.8986    0.8219    3.07  0.014259  <- 최고
  55   477.8s    7:19:31  0.6183  0.6056  1.0100  0.8995  0.8304  0.8990    0.8222    3.07  0.013962  <- 최고
  56   477.6s    7:27:28  0.6147  0.5996  1.0114  0.8990  0.8308  0.8992    0.8223    3.07  0.013665  <- 최고
  57   475.4s    7:35:24  0.6152  0.5961  1.0127  0.8993  0.8308  0.8994    0.8226    3.07  0.013368  <- 최고
  58   482.0s    7:43:26  0.6142  0.5978  1.0092  0.9005  0.8305  0.8998    0.8233    3.07  0.013071  <- 최고
  59   476.5s    7:51:22  0.6138  0.5935  1.0117  0.9012  0.8313  0.9002    0.8234    3.07  0.012774  <- 최고
  60   476.1s    7:59:18  0.6097  0.5907  1.0090  0.9032  0.8308  0.9005    0.8238    3.07  0.012477  <- 최고
  61   476.3s    8:07:15  0.6065  0.5772  1.0079  0.9034  0.8303  0.9007    0.8244    3.07  0.012180  <- 최고
  62   475.2s    8:15:10  0.6081  0.5824  1.0073  0.9025  0.8320  0.9011    0.8249    3.07  0.011883  <- 최고
  63   474.6s    8:23:05  0.6061  0.5778  1.0060  0.9014  0.8336  0.9014    0.8253    3.07  0.011586  <- 최고
  64   478.6s    8:31:03  0.6070  0.5804  1.0049  0.9016  0.8342  0.9019    0.8259    3.07  0.011289  <- 최고
  65   475.7s    8:38:59  0.6021  0.5714  1.0048  0.9026  0.8341  0.9022    0.8262    3.07  0.010992  <- 최고
  66   476.0s    8:46:55  0.5981  0.5658  1.0022  0.9062  0.8331  0.9026    0.8269    3.07  0.010695  <- 최고
  67   476.6s    8:54:51  0.5963  0.5623  1.0021  0.9084  0.8320  0.9033    0.8274    3.07  0.010398  <- 최고
  68   477.2s    9:02:49  0.5942  0.5585  1.0009  0.9090  0.8320  0.9038    0.8275    3.07  0.010101  <- 최고
  69   476.6s    9:10:45  0.5937  0.5551  1.0006  0.9090  0.8328  0.9038    0.8284    3.07  0.009804  <- 최고
  70   477.3s    9:18:43  0.5920  0.5540  0.9993  0.9109  0.8328  0.9043    0.8288    3.07  0.009507  <- 최고
  71   477.0s    9:26:40  0.5922  0.5522  0.9983  0.9117  0.8326  0.9047    0.8295    3.07  0.009210  <- 최고
  72   474.3s    9:34:34  0.5914  0.5475  0.9986  0.9130  0.8318  0.9049    0.8298    3.07  0.008913  <- 최고
  73   476.8s    9:42:31  0.5873  0.5442  0.9965  0.9135  0.8320  0.9052    0.8300    3.07  0.008616  <- 최고
  74   479.9s    9:50:31  0.5871  0.5416  0.9970  0.9123  0.8339  0.9056    0.8304    3.07  0.008319  <- 최고
  75   477.9s    9:58:28  0.5838  0.5352  0.9955  0.9136  0.8337  0.9044    0.8300    3.07  0.008022  
  76   477.6s   10:06:26  0.5794  0.5264  0.9912  0.9138  0.8338  0.9048    0.8305    3.07  0.007725  <- 최고
  77   479.3s   10:14:25  0.5774  0.5236  0.9924  0.9138  0.8339  0.9055    0.8310    3.07  0.007428  <- 최고
  78   475.7s   10:22:21  0.5773  0.5218  0.9918  0.9135  0.8344  0.9058    0.8313    3.07  0.007131  <- 최고
  79   477.0s   10:30:18  0.5739  0.5149  0.9891  0.9143  0.8343  0.9059    0.8316    3.07  0.006834  <- 최고
  80   479.4s   10:38:18  0.5698  0.5123  0.9847  0.9136  0.8357  0.9058    0.8317    3.07  0.006537  <- 최고
  81   479.2s   10:46:17  0.5680  0.5073  0.9853  0.9071  0.8399  0.9058    0.8319    3.07  0.006240  <- 최고
  82   479.1s   10:54:16  0.5670  0.5028  0.9871  0.9037  0.8434  0.9051    0.8318    3.07  0.005943  
  83   475.2s   11:02:11  0.5638  0.4996  0.9834  0.9041  0.8442  0.9052    0.8320    3.07  0.005646  <- 최고
  84   477.1s   11:10:08  0.5616  0.4931  0.9822  0.9059  0.8429  0.9053    0.8323    3.07  0.005349  <- 최고
  85   477.6s   11:18:06  0.5596  0.4905  0.9829  0.9071  0.8425  0.9056    0.8327    3.07  0.005052  <- 최고
  86   476.2s   11:26:02  0.5570  0.4857  0.9807  0.9085  0.8425  0.9060    0.8330    3.07  0.004755  <- 최고
  87   478.1s   11:34:00  0.5542  0.4806  0.9814  0.9086  0.8428  0.9056    0.8335    3.07  0.004458  <- 최고
  88   476.7s   11:41:57  0.5525  0.4776  0.9783  0.9111  0.8412  0.9060    0.8339    3.07  0.004161  <- 최고
  89   481.1s   11:49:58  0.5508  0.4717  0.9781  0.9121  0.8406  0.9061    0.8341    3.07  0.003864  <- 최고
  90   477.8s   11:57:56  0.5451  0.4680  0.9747  0.9115  0.8422  0.9064    0.8341    3.07  0.003567  
  91   483.8s   12:05:59  0.4295  0.3664  0.8885  0.9092  0.8439  0.9069    0.8343    3.07  0.003270  <- 최고
  92   476.9s   12:13:56  0.4237  0.3540  0.8860  0.9116  0.8423  0.9072    0.8346    3.07  0.002973  <- 최고
  93   473.7s   12:21:50  0.4191  0.3481  0.8829  0.9129  0.8414  0.9067    0.8344    3.07  0.002676  
  94   475.8s   12:29:46  0.4165  0.3390  0.8812  0.9142  0.8421  0.9059    0.8338    3.07  0.002379  
  95   476.3s   12:37:42  0.4118  0.3316  0.8783  0.9165  0.8413  0.9060    0.8342    3.07  0.002082  
  96   474.7s   12:45:37  0.4084  0.3252  0.8771  0.9171  0.8419  0.9064    0.8344    3.07  0.001785  
  97   474.9s   12:53:32  0.4054  0.3210  0.8759  0.9173  0.8430  0.9061    0.8342    3.07  0.001488  
  98   476.9s   13:01:29  0.4012  0.3131  0.8747  0.9178  0.8435  0.9063    0.8343    3.07  0.001191  
  99   474.1s   13:09:23  0.3998  0.3080  0.8730  0.9196  0.8434  0.9063    0.8345    3.07  0.000894  
 100   474.1s   13:17:17  0.3955  0.3008  0.8708  0.9180  0.8449  0.9069    0.8344    3.07  0.000597  
