  ep       시간         누적     box     cls     dfl       P       R   mAP50  mAP50-95  GPU_GB        lr  비고
--------------------------------------------------------------------------------------------------------
   1   796.7s    0:13:16  0.7227  1.6066  0.0080  0.8407  0.7720  0.8507    0.7411    5.13  0.009997  <- 최고
   2   756.5s    0:25:53  0.8063  1.0421  0.0092  0.8193  0.7621  0.8318    0.7254    5.20  0.019799  
   3   741.5s    0:38:14  0.9120  1.1254  0.0104  0.8528  0.7444  0.8345    0.7169    5.20  0.029403  
   4   739.2s    0:50:33  0.9574  1.1435  0.0110  0.8641  0.7860  0.8620    0.7567    5.20  0.029109  <- 최고
   5   740.7s    1:02:54  0.9122  1.0384  0.0103  0.8744  0.7891  0.8705    0.7706    5.20  0.028812  <- 최고
   6   738.5s    1:15:13  0.8806  0.9700  0.0098  0.8740  0.8096  0.8786    0.7861    5.20  0.028515  <- 최고
   7   738.2s    1:27:31  0.8527  0.9210  0.0095  0.8850  0.8044  0.8846    0.7964    5.20  0.028218  <- 최고
   8   738.3s    1:39:49  0.8368  0.8920  0.0092  0.8949  0.8241  0.8981    0.8094    5.20  0.027921  <- 최고
   9   738.2s    1:52:07  0.8238  0.8631  0.0091  0.8937  0.8300  0.8964    0.8119    5.20  0.027624  <- 최고
  10   736.3s    2:04:24  0.8078  0.8373  0.0089  0.8957  0.8268  0.8988    0.8164    5.20  0.027327  <- 최고
  11   735.4s    2:16:39  0.8002  0.8200  0.0088  0.9006  0.8289  0.9003    0.8205    5.20  0.027030  <- 최고
  12   739.1s    2:28:58  0.7903  0.8039  0.0087  0.8981  0.8375  0.9041    0.8246    5.20  0.026733  <- 최고
  13   741.0s    2:41:19  0.7845  0.7933  0.0085  0.9054  0.8315  0.9022    0.8240    5.20  0.026436  
  14   740.7s    2:53:40  0.7752  0.7698  0.0084  0.9025  0.8419  0.9068    0.8289    5.20  0.026139  <- 최고
  15   737.7s    3:05:58  0.7675  0.7515  0.0084  0.9119  0.8391  0.9087    0.8319    5.20  0.025842  <- 최고
  16   737.6s    3:18:15  0.7640  0.7473  0.0083  0.9069  0.8465  0.9101    0.8333    5.20  0.025545  <- 최고
  17   734.9s    3:30:30  0.7582  0.7355  0.0082  0.9099  0.8435  0.9105    0.8352    5.20  0.025248  <- 최고
  18   742.3s    3:42:52  0.7563  0.7310  0.0081  0.9137  0.8409  0.9099    0.8346    5.20  0.024951  
  19   738.0s    3:55:10  0.7505  0.7299  0.0082  0.9164  0.8422  0.9103    0.8357    5.20  0.024654  <- 최고
  20   741.6s    4:07:32  0.7468  0.7153  0.0081  0.9089  0.8491  0.9109    0.8370    5.20  0.024357  <- 최고
  21   739.5s    4:19:52  0.7470  0.7070  0.0081  0.9102  0.8494  0.9115    0.8372    5.20  0.024060  <- 최고
  22   739.9s    4:32:11  0.7462  0.7051  0.0080  0.9077  0.8528  0.9119    0.8381    5.20  0.023763  <- 최고
  23   737.7s    4:44:29  0.7406  0.6950  0.0080  0.9106  0.8504  0.9119    0.8384    5.20  0.023466  <- 최고
  24   738.7s    4:56:48  0.7378  0.6920  0.0080  0.9082  0.8510  0.9129    0.8397    5.20  0.023169  <- 최고
  25   741.0s    5:09:09  0.7353  0.6871  0.0079  0.9076  0.8527  0.9123    0.8395    5.20  0.022872  
  26   741.5s    5:21:30  0.7288  0.6804  0.0079  0.9102  0.8498  0.9130    0.8402    5.20  0.022575  <- 최고
  27   738.4s    5:33:49  0.7298  0.6667  0.0078  0.9109  0.8512  0.9135    0.8408    5.20  0.022278  <- 최고
  28   736.7s    5:46:06  0.7274  0.6660  0.0079  0.9100  0.8531  0.9136    0.8408    5.20  0.021981  
  29   735.9s    5:58:21  0.7189  0.6604  0.0077  0.9095  0.8540  0.9138    0.8410    5.20  0.021684  <- 최고
  30   726.7s    6:10:28  0.7190  0.6517  0.0077  0.9067  0.8575  0.9140    0.8416    5.20  0.021387  <- 최고
  31   720.9s    6:22:29  0.7167  0.6454  0.0077  0.9063  0.8596  0.9146    0.8421    5.20  0.021090  <- 최고
  32   736.5s    6:34:46  0.7185  0.6480  0.0077  0.9061  0.8611  0.9148    0.8423    5.20  0.020793  <- 최고
  33   739.8s    6:47:05  0.7169  0.6452  0.0077  0.9007  0.8659  0.9149    0.8424    5.20  0.020496  <- 최고
  34   738.7s    6:59:24  0.7123  0.6391  0.0076  0.9006  0.8670  0.9138    0.8420    5.20  0.020199  
  35   738.7s    7:11:43  0.7095  0.6359  0.0076  0.9008  0.8676  0.9145    0.8420    5.20  0.019902  
  36   733.9s    7:23:57  0.7060  0.6314  0.0076  0.9065  0.8619  0.9151    0.8427    5.20  0.019605  <- 최고
  37   737.7s    7:36:14  0.7051  0.6273  0.0076  0.9098  0.8603  0.9153    0.8430    5.20  0.019308  <- 최고
  38   734.6s    7:48:29  0.7026  0.6150  0.0075  0.9117  0.8575  0.9155    0.8431    5.20  0.019011  <- 최고
  39   741.2s    8:00:50  0.7012  0.6156  0.0075  0.9120  0.8574  0.9158    0.8436    5.20  0.018714  <- 최고
  40   742.3s    8:13:12  0.6997  0.6077  0.0075  0.9133  0.8570  0.9159    0.8438    5.20  0.018417  <- 최고
  41   739.9s    8:25:32  0.6981  0.6072  0.0075  0.9141  0.8571  0.9160    0.8444    5.20  0.018120  <- 최고
  42   740.9s    8:37:53  0.6967  0.6076  0.0074  0.9186  0.8537  0.9161    0.8448    5.20  0.017823  <- 최고
  43   738.8s    8:50:12  0.6911  0.5961  0.0074  0.9171  0.8553  0.9165    0.8451    5.20  0.017526  <- 최고
  44   738.7s    9:02:31  0.6938  0.5991  0.0074  0.9157  0.8567  0.9157    0.8453    5.20  0.017229  <- 최고
  45   740.0s    9:14:51  0.6898  0.5898  0.0073  0.9155  0.8573  0.9167    0.8456    5.20  0.016932  <- 최고
  46   741.0s    9:27:12  0.6864  0.5886  0.0073  0.9149  0.8576  0.9162    0.8458    5.20  0.016635  <- 최고
  47   740.6s    9:39:32  0.6835  0.5808  0.0073  0.9074  0.8661  0.9163    0.8463    5.20  0.016338  <- 최고
  48   743.2s    9:51:56  0.6802  0.5744  0.0073  0.9166  0.8577  0.9166    0.8468    5.20  0.016041  <- 최고
  49   733.1s   10:04:09  0.6799  0.5761  0.0073  0.9203  0.8553  0.9173    0.8473    5.20  0.015744  <- 최고
  50   735.6s   10:16:24  0.6740  0.5673  0.0072  0.9186  0.8576  0.9178    0.8475    5.20  0.015447  <- 최고
  51   738.8s   10:28:43  0.6770  0.5644  0.0073  0.9080  0.8677  0.9178    0.8476    5.20  0.015150  <- 최고
  52   740.7s   10:41:04  0.6712  0.5549  0.0072  0.9086  0.8678  0.9179    0.8478    5.20  0.014853  <- 최고
  53   740.4s   10:53:24  0.6650  0.5522  0.0070  0.9096  0.8666  0.9181    0.8482    5.20  0.014556  <- 최고
  54   738.6s   11:05:43  0.6660  0.5473  0.0071  0.9166  0.8595  0.9182    0.8486    5.20  0.014259  <- 최고
  55   737.5s   11:18:00  0.6625  0.5427  0.0070  0.9173  0.8599  0.9183    0.8488    5.20  0.013962  <- 최고
  56   734.3s   11:30:15  0.6601  0.5347  0.0070  0.9138  0.8640  0.9185    0.8489    5.20  0.013665  <- 최고
  57   738.8s   11:42:33  0.6621  0.5407  0.0070  0.9137  0.8656  0.9189    0.8489    5.20  0.013368  <- 최고
  58   737.5s   11:54:51  0.6538  0.5269  0.0069  0.9124  0.8682  0.9184    0.8494    5.20  0.013071  <- 최고
  59   739.5s   12:07:10  0.6501  0.5265  0.0069  0.9143  0.8663  0.9186    0.8496    5.20  0.012774  <- 최고
  60   740.6s   12:19:31  0.6515  0.5255  0.0069  0.9142  0.8676  0.9189    0.8497    5.20  0.012477  <- 최고
  61   742.4s   12:31:53  0.6440  0.5241  0.0068  0.9149  0.8667  0.9191    0.8499    5.20  0.012180  <- 최고
  62   734.6s   12:44:08  0.6422  0.5203  0.0068  0.9137  0.8678  0.9192    0.8507    5.20  0.011883  <- 최고
  63   745.6s   12:56:34  0.6395  0.5121  0.0067  0.9120  0.8704  0.9193    0.8510    5.20  0.011586  <- 최고
  64   740.2s   13:08:54  0.6374  0.5005  0.0067  0.9132  0.8697  0.9194    0.8507    5.20  0.011289  
  65   737.8s   13:21:12  0.6362  0.4960  0.0067  0.9126  0.8713  0.9184    0.8504    5.20  0.010992  
  66   741.4s   13:33:33  0.6311  0.4891  0.0066  0.9138  0.8717  0.9183    0.8506    5.20  0.010695  
  67   738.4s   13:45:51  0.6281  0.4845  0.0066  0.9144  0.8714  0.9195    0.8517    5.20  0.010398  <- 최고
  68   735.9s   13:58:07  0.6269  0.4780  0.0066  0.9140  0.8710  0.9185    0.8509    5.20  0.010101  
  69   735.1s   14:10:22  0.6220  0.4761  0.0065  0.9163  0.8694  0.9187    0.8514    5.20  0.009804  
  70   732.5s   14:22:35  0.6164  0.4726  0.0065  0.9141  0.8730  0.9190    0.8520    5.20  0.009507  <- 최고
  71   739.8s   14:34:55  0.6154  0.4709  0.0065  0.9154  0.8721  0.9186    0.8520    5.20  0.009210  <- 최고
  72   738.8s   14:47:13  0.6104  0.4617  0.0064  0.9157  0.8725  0.9187    0.8524    5.20  0.008913  <- 최고
  73   741.1s   14:59:35  0.6084  0.4553  0.0064  0.9171  0.8706  0.9184    0.8524    5.20  0.008616  <- 최고
  74   737.6s   15:11:52  0.6057  0.4505  0.0064  0.9177  0.8714  0.9185    0.8526    5.20  0.008319  <- 최고
  75   735.6s   15:24:08  0.5994  0.4467  0.0063  0.9193  0.8697  0.9185    0.8529    5.20  0.008022  <- 최고
  76   734.9s   15:36:23  0.5968  0.4409  0.0062  0.9206  0.8694  0.9186    0.8530    5.20  0.007725  <- 최고
  77   740.8s   15:48:43  0.5948  0.4322  0.0062  0.9203  0.8704  0.9188    0.8532    5.20  0.007428  <- 최고
  78   741.8s   16:01:05  0.5886  0.4296  0.0061  0.9201  0.8714  0.9186    0.8535    5.20  0.007131  <- 최고
  79   738.2s   16:13:23  0.5853  0.4178  0.0061  0.9204  0.8718  0.9188    0.8535    5.20  0.006834  
  80   742.0s   16:25:45  0.5819  0.4166  0.0060  0.9211  0.8724  0.9191    0.8535    5.20  0.006537  <- 최고
  81   735.6s   16:38:01  0.5803  0.4081  0.0060  0.9233  0.8711  0.9190    0.8536    5.20  0.006240  <- 최고
  82   743.3s   16:50:24  0.5784  0.4059  0.0060  0.9223  0.8715  0.9171    0.8530    5.20  0.005943  
  83   735.8s   17:02:40  0.5728  0.4002  0.0059  0.9217  0.8717  0.9165    0.8525    5.20  0.005646  
  84   737.6s   17:14:58  0.5643  0.3932  0.0058  0.9209  0.8726  0.9164    0.8529    5.20  0.005349  
  85   732.5s   17:27:10  0.5646  0.3860  0.0059  0.9206  0.8731  0.9160    0.8530    5.20  0.005052  
  86   735.1s   17:39:25  0.5588  0.3824  0.0058  0.9211  0.8730  0.9172    0.8535    5.20  0.004755  
  87   735.6s   17:51:41  0.5542  0.3770  0.0058  0.9215  0.8728  0.9160    0.8529    5.20  0.004458  
  88   733.2s   18:03:54  0.5493  0.3692  0.0057  0.9224  0.8724  0.9174    0.8536    5.20  0.004161  
  89   731.2s   18:16:05  0.5443  0.3646  0.0056  0.9231  0.8718  0.9173    0.8539    5.20  0.003864  <- 최고
  90   729.2s   18:28:14  0.5414  0.3617  0.0056  0.9271  0.8684  0.9174    0.8540    5.20  0.003567  <- 최고
  91   741.6s   18:40:36  0.4025  0.2273  0.0049  0.9288  0.8666  0.9172    0.8539    5.20  0.003270  
  92   733.4s   18:52:49  0.3971  0.2189  0.0048  0.9291  0.8670  0.9168    0.8535    5.20  0.002973  
  93   736.3s   19:05:06  0.3949  0.2136  0.0047  0.9278  0.8676  0.9154    0.8526    5.20  0.002676  
  94   733.7s   19:17:19  0.3873  0.2054  0.0046  0.9265  0.8690  0.9148    0.8524    5.20  0.002379  
  95   734.6s   19:29:34  0.3809  0.2005  0.0045  0.9235  0.8717  0.9146    0.8521    5.20  0.002082  
  96   732.3s   19:41:46  0.3742  0.1928  0.0044  0.9236  0.8719  0.9143    0.8518    5.20  0.001785  
  97   732.3s   19:53:59  0.3693  0.1881  0.0043  0.9277  0.8687  0.9141    0.8514    5.20  0.001488  
  98   730.4s   20:06:09  0.3669  0.1850  0.0043  0.9281  0.8686  0.9139    0.8516    5.20  0.001191  
  99   731.0s   20:18:20  0.3621  0.1805  0.0042  0.9269  0.8704  0.9127    0.8506    5.20  0.000894  
 100   730.3s   20:30:30  0.3554  0.1768  0.0041  0.9273  0.8700  0.9123    0.8507    5.20  0.000597  
